0.095400
0.281300
0.377800
0.560000
0.603100
0.614200
0.663800
0.692300
0.688600
0.703300
0.662600
0.719800
0.700500
0.718200
0.702700
0.687400
0.747000
0.738300
0.734200
0.742600
0.734600
0.752800
0.762600
0.738800
0.761200
0.727100
0.730500
0.742700
0.726500
0.757800
0.770500
0.763400
0.780600
0.769100
0.776800
0.789200
0.781000
0.791600
0.788700
0.784000
0.767600
0.774200
0.770600
0.776000
0.799200
0.743200
0.803500
0.794500
0.775500
0.773200
0.795800
0.779000
0.785300
0.803800
0.809300
0.758800
0.800300
0.782000
0.802800
0.800700
0.824900
0.802300
0.824300
0.815400
0.770500
0.821800
0.810700
0.820200
0.775900
0.833600
0.818600
0.783900
0.832500
0.827000
0.820500
0.825000
0.799900
0.828600
0.824400
0.828000
0.776300
0.826300
0.830400
0.816400
0.815400
0.841000
0.834400
0.817600
0.843000
0.831600
0.840100
0.829700
0.842900
0.839200
0.842700
0.832900
0.840500
0.831900
0.836100
0.841700
0.839700
0.824200
0.842900
0.838800
0.843800
0.852100
0.851700
0.847800
0.844900
0.823700
0.835400
0.845700
0.847800
0.856800
0.848000
0.846000
0.840900
0.841100
0.847900
0.844400
0.817200
0.845900
0.849800
0.856800
0.856100
0.853900
0.848400
0.856700
0.857000
0.852600
0.855700
0.858400
0.849800
0.854500
0.859800
0.855600
0.852700
0.852100
0.848700
0.845100
0.853900
0.858600
0.848700
0.863100
0.863600
0.859200
0.864500
0.862400
0.856200
0.862800
0.855900
0.851100
0.865600
0.857900
0.860100
0.866200
0.861000
0.860100
0.841000
0.850800
0.865300
0.860500
0.867300
0.849500
0.862600
0.866900
0.863800
0.852300
0.864600
0.840800
0.870600
0.852900
0.862900
0.869500
0.870700
0.867400
0.862700
0.862700
0.864300
0.869300
0.870700
0.870600
0.863300
0.874300
0.865300
0.854900
0.874100
0.869400
0.868900
0.871400
0.871000
0.874700
0.828700
0.874200
0.866800
0.873400
0.869400
0.872600
0.858800
0.865300
0.856100
0.864500
0.870700
0.874900
0.872500
0.872800
0.872400
0.876900
0.864900
0.870100
0.875500
0.877700
0.877300
0.866600
0.864000
0.875100
0.867500
0.867800
0.865600
0.879800
0.878500
0.877500
0.871700
0.870500
0.873600
0.878800
0.872600
0.871400
0.874400
0.872900
0.874300
0.867100
0.875900
0.868000
0.871500
0.867300
0.854900
0.858900
0.875300
0.869100
0.881400
0.863900
0.868500
0.875300
0.857800
0.862900
0.880300
0.867400
0.879600
0.857300
0.879200
0.870600
0.873100
0.875800
0.873400
0.876200
0.871300
0.872800
0.870500
0.877800
0.867000
0.881500
0.871400
0.864600
0.877200
0.878700
0.880500
0.884800
0.872700
0.881800
0.886700
0.873100
0.871400
0.884400
0.870100
0.872700
0.881600
0.882600
0.871900
0.878800
0.878300
0.884000
0.876300
0.875800
0.867600
0.859600
0.878500
0.885500
0.880000
0.879100
0.884200
0.880100
0.882600
0.885000
0.873300
0.882200
0.882600
0.883700
0.879400
0.885900
0.857200
