2.316207
2.115238
1.731840
1.290639
1.160997
1.207265
0.917614
0.862506
0.875277
0.799906
0.911402
0.776078
0.809971
0.721388
0.758243
0.760623
0.684938
0.677172
0.713393
0.686054
0.694960
0.642243
0.641794
0.664332
0.637101
0.689227
0.673438
0.649751
0.663038
0.638861
0.610145
0.591331
0.574151
0.587803
0.578149
0.570040
0.572460
0.558182
0.562854
0.577441
0.588557
0.596547
0.582075
0.594193
0.543379
0.643254
0.531558
0.536440
0.576789
0.561543
0.525465
0.561051
0.552088
0.530059
0.518422
0.598884
0.538878
0.557020
0.511284
0.560339
0.492477
0.517185
0.489700
0.507372
0.635978
0.506162
0.512915
0.484649
0.552477
0.460212
0.475597
0.529196
0.469528
0.475759
0.484137
0.466989
0.492890
0.479501
0.469867
0.460156
0.566263
0.471461
0.458812
0.481841
0.491098
0.441120
0.455440
0.480069
0.441869
0.459103
0.439842
0.459172
0.438536
0.436904
0.430391
0.459848
0.443048
0.458474
0.459751
0.435873
0.435189
0.458129
0.428847
0.438143
0.430247
0.410004
0.417699
0.424697
0.420894
0.463474
0.444064
0.428348
0.421517
0.400398
0.415664
0.416445
0.426456
0.430895
0.426815
0.431181
0.473296
0.422095
0.409559
0.397230
0.394268
0.400475
0.416270
0.397646
0.395650
0.411035
0.398830
0.388839
0.409648
0.397905
0.392743
0.391492
0.401680
0.405600
0.410289
0.417770
0.399231
0.385316
0.410320
0.382571
0.382316
0.384284
0.375610
0.375539
0.393973
0.378074
0.397219
0.404383
0.372503
0.398844
0.381407
0.372543
0.378269
0.389139
0.415514
0.395109
0.375033
0.385089
0.376016
0.400967
0.380381
0.366268
0.367839
0.394051
0.373591
0.412100
0.363929
0.398620
0.372767
0.358712
0.363121
0.362100
0.370731
0.383567
0.372990
0.362674
0.361308
0.354483
0.377894
0.350567
0.365743
0.394508
0.351565
0.357705
0.359878
0.352532
0.365548
0.353725
0.501470
0.350759
0.367095
0.348626
0.357560
0.348047
0.376385
0.372423
0.381900
0.363687
0.359567
0.347765
0.366973
0.346947
0.357950
0.340544
0.366935
0.356801
0.346299
0.342477
0.335241
0.369189
0.377343
0.348153
0.362782
0.359799
0.368855
0.331317
0.336708
0.337874
0.351694
0.350795
0.348997
0.335054
0.346495
0.356062
0.350973
0.349448
0.352315
0.366101
0.338910
0.355523
0.350726
0.358957
0.397225
0.371889
0.341135
0.354222
0.325325
0.375070
0.357535
0.349850
0.372493
0.371869
0.336781
0.361209
0.333990
0.374519
0.329575
0.351157
0.348306
0.342170
0.340246
0.338626
0.355209
0.359814
0.345729
0.339663
0.356558
0.322316
0.356231
0.356836
0.334099
0.335817
0.338581
0.322413
0.350274
0.326645
0.315906
0.362593
0.342201
0.322800
0.357895
0.347742
0.329570
0.325974
0.348378
0.330338
0.335136
0.324993
0.338670
0.332196
0.359028
0.366571
0.342980
0.319080
0.327459
0.337074
0.318794
0.327130
0.327345
0.318722
0.345448
0.327073
0.318722
0.319161
0.334291
0.320532
0.376742
