0.102400
0.343600
0.360200
0.526000
0.604900
0.605500
0.652000
0.686400
0.647900
0.689900
0.640100
0.716000
0.703500
0.721900
0.698200
0.661500
0.728700
0.741800
0.734700
0.732900
0.727800
0.740500
0.759400
0.740600
0.757500
0.742900
0.738700
0.744000
0.766900
0.736000
0.768200
0.759200
0.780300
0.761700
0.771800
0.769300
0.760700
0.781800
0.783500
0.752900
0.770600
0.784000
0.772700
0.789000
0.788300
0.773600
0.797300
0.791300
0.777500
0.770300
0.793700
0.775800
0.791900
0.793300
0.788300
0.785800
0.797300
0.781400
0.803900
0.792900
0.810400
0.807200
0.817000
0.803000
0.803400
0.813500
0.819200
0.824600
0.791700
0.830700
0.831400
0.800800
0.815000
0.820400
0.759400
0.822700
0.799300
0.820000
0.809200
0.830200
0.790100
0.817800
0.773900
0.804000
0.820000
0.827100
0.834200
0.832400
0.836900
0.834100
0.838100
0.829400
0.839800
0.832500
0.835700
0.828900
0.831800
0.817300
0.840300
0.818200
0.839100
0.829800
0.840500
0.839500
0.847000
0.848100
0.840400
0.841100
0.846900
0.811400
0.838300
0.841500
0.845100
0.856000
0.849600
0.856200
0.848900
0.849700
0.849100
0.850700
0.798000
0.840900
0.839700
0.855400
0.852300
0.857400
0.842700
0.852200
0.855600
0.852800
0.851600
0.857200
0.857600
0.853500
0.858200
0.860800
0.848900
0.847400
0.840000
0.855600
0.858900
0.857700
0.858900
0.826100
0.847800
0.854200
0.865600
0.863500
0.854400
0.863400
0.856100
0.855600
0.857100
0.850100
0.861900
0.860900
0.855500
0.862300
0.836900
0.850600
0.861200
0.859500
0.862500
0.862800
0.865400
0.863200
0.864000
0.846300
0.864400
0.840700
0.862500
0.853600
0.864100
0.867500
0.867800
0.860400
0.860800
0.858700
0.863300
0.868900
0.873100
0.870200
0.866300
0.872100
0.863000
0.861000
0.873400
0.868600
0.868300
0.870600
0.866900
0.871500
0.871200
0.870500
0.863300
0.863600
0.871100
0.870200
0.861600
0.860900
0.864100
0.858000
0.866100
0.872900
0.873800
0.870600
0.865800
0.872200
0.863800
0.863800
0.691800
0.874000
0.876300
0.857400
0.870200
0.869800
0.861800
0.863900
0.869800
0.877600
0.878700
0.878300
0.875100
0.866800
0.869100
0.877400
0.872300
0.865400
0.867300
0.878100
0.875900
0.873200
0.875200
0.869100
0.875200
0.870800
0.858400
0.864100
0.877100
0.852800
0.878900
0.862900
0.855000
0.876800
0.847900
0.867400
0.876300
0.866400
0.881100
0.854000
0.877600
0.870800
0.876200
0.880200
0.875400
0.876500
0.871500
0.871300
0.866600
0.880700
0.863600
0.880300
0.872500
0.868600
0.882400
0.880500
0.875600
0.886100
0.878100
0.880100
0.883600
0.874900
0.870500
0.879700
0.879500
0.874300
0.882900
0.857500
0.875500
0.879800
0.879100
0.879200
0.879400
0.869000
0.869600
0.867400
0.882300
0.883900
0.882300
0.873000
0.884300
0.880600
0.878600
0.882600
0.872300
0.881900
0.880900
0.883400
0.880600
0.886800
0.847000
