2.303059
2.105710
1.688208
1.306021
1.175729
1.073735
0.967207
0.925585
0.950792
0.852417
0.919138
0.803190
0.798986
0.737054
0.784877
0.795186
0.722141
0.703694
0.696622
0.700404
0.717509
0.670180
0.665844
0.655071
0.647027
0.659513
0.658185
0.642675
0.625557
0.666023
0.616567
0.608123
0.586740
0.610378
0.587650
0.601031
0.601990
0.572996
0.578083
0.631433
0.598599
0.579556
0.583602
0.566499
0.566111
0.585273
0.544035
0.545680
0.587523
0.576908
0.534432
0.570613
0.543142
0.551249
0.554936
0.551469
0.536860
0.549087
0.508587
0.524623
0.500269
0.509473
0.497709
0.520417
0.523297
0.501888
0.495431
0.485474
0.540736
0.473792
0.469797
0.520963
0.498303
0.484169
0.699731
0.471833
0.496342
0.494880
0.499331
0.461833
0.538732
0.486446
0.577697
0.505000
0.486151
0.460344
0.459325
0.457036
0.448672
0.457919
0.446499
0.461743
0.452428
0.449826
0.454920
0.457384
0.453554
0.470253
0.455205
0.488148
0.439733
0.450101
0.439307
0.438091
0.429353
0.417833
0.435221
0.438869
0.417372
0.477490
0.441216
0.435936
0.428268
0.406908
0.418584
0.402954
0.414436
0.413696
0.423986
0.415058
0.521095
0.435771
0.429775
0.409135
0.407031
0.396625
0.421154
0.402482
0.394453
0.411940
0.401664
0.391642
0.391307
0.399818
0.392640
0.384484
0.417097
0.410094
0.435170
0.399693
0.391112
0.395938
0.390868
0.489486
0.408306
0.394352
0.371513
0.378401
0.395333
0.379383
0.398362
0.390999
0.390294
0.413128
0.381005
0.383628
0.383413
0.382600
0.421534
0.395305
0.381906
0.389254
0.377234
0.371910
0.367437
0.370474
0.371988
0.397819
0.372998
0.408386
0.376747
0.399496
0.371280
0.364706
0.364417
0.373721
0.378366
0.388932
0.369139
0.365102
0.351660
0.356401
0.366431
0.357216
0.371069
0.376400
0.356404
0.353100
0.356003
0.351785
0.365685
0.351842
0.358342
0.354902
0.372843
0.367916
0.353631
0.362659
0.372344
0.387078
0.364665
0.380491
0.372123
0.351260
0.356856
0.353214
0.370138
0.348504
0.365353
0.366897
1.105612
0.347655
0.339500
0.382214
0.363855
0.354147
0.370953
0.362414
0.356884
0.342428
0.336462
0.336442
0.339227
0.357036
0.356203
0.341732
0.345751
0.371990
0.362117
0.343048
0.347756
0.344668
0.341618
0.353785
0.344872
0.352212
0.392026
0.357259
0.342898
0.388293
0.335488
0.380352
0.383451
0.345921
0.390900
0.362208
0.346301
0.364961
0.328711
0.385224
0.335230
0.358477
0.346093
0.334661
0.338302
0.337673
0.359892
0.366910
0.352917
0.336548
0.360584
0.325800
0.355356
0.346290
0.326234
0.333181
0.347852
0.322222
0.337212
0.330502
0.321719
0.353140
0.340499
0.332099
0.337623
0.337405
0.327635
0.391767
0.344232
0.327764
0.334227
0.328725
0.330316
0.346815
0.348435
0.350406
0.331535
0.328432
0.324046
0.346095
0.316089
0.324901
0.335571
0.326014
0.340380
0.330102
0.322326
0.325289
0.329783
0.320702
0.392411
