0.109300
0.194000
0.435200
0.560900
0.577200
0.618600
0.652400
0.649900
0.699000
0.715000
0.673700
0.722800
0.701300
0.704900
0.684300
0.623100
0.735900
0.728000
0.741400
0.742300
0.733600
0.747900
0.762800
0.746300
0.769600
0.726700
0.752800
0.740000
0.764200
0.762000
0.766300
0.764200
0.790100
0.764900
0.783600
0.782600
0.775400
0.794700
0.781300
0.773400
0.770300
0.794100
0.775000
0.784300
0.786000
0.768400
0.798300
0.789000
0.777900
0.801000
0.792400
0.782900
0.794400
0.806400
0.758000
0.775300
0.806400
0.794500
0.812700
0.817500
0.817000
0.804900
0.789300
0.815100
0.794200
0.821600
0.812300
0.813600
0.793900
0.826400
0.814700
0.816900
0.819800
0.825800
0.823200
0.824100
0.819200
0.824400
0.835000
0.834600
0.804400
0.820800
0.832100
0.810500
0.799600
0.825300
0.826600
0.838000
0.840700
0.832400
0.845700
0.830800
0.837500
0.837300
0.836400
0.825800
0.840000
0.819700
0.843500
0.843900
0.843800
0.838400
0.837600
0.840600
0.830300
0.851500
0.835100
0.847700
0.849300
0.832500
0.838300
0.840000
0.845300
0.854200
0.838400
0.856100
0.846800
0.844200
0.854700
0.847900
0.809500
0.835400
0.848100
0.855900
0.854300
0.856300
0.835200
0.860300
0.856700
0.850600
0.858800
0.858600
0.855500
0.841700
0.858800
0.857000
0.850400
0.858900
0.850100
0.855000
0.860000
0.859500
0.849200
0.857500
0.852100
0.856300
0.863500
0.862800
0.854600
0.863400
0.850900
0.831600
0.863100
0.818700
0.865000
0.860700
0.860200
0.855500
0.835900
0.847300
0.863500
0.859900
0.860400
0.854900
0.866300
0.863800
0.865000
0.845100
0.861100
0.849800
0.861300
0.849500
0.865400
0.870400
0.868900
0.866700
0.866100
0.860200
0.865800
0.869000
0.864500
0.866900
0.864200
0.870400
0.857100
0.859000
0.869400
0.869500
0.852500
0.867000
0.867400
0.869900
0.866400
0.869900
0.871500
0.866700
0.869500
0.867400
0.868400
0.868000
0.858400
0.866200
0.865200
0.872200
0.871500
0.870500
0.868300
0.871500
0.854500
0.865100
0.870100
0.866700
0.878000
0.861500
0.863500
0.873300
0.866300
0.868200
0.855400
0.878700
0.878400
0.879100
0.869200
0.863800
0.869100
0.871400
0.871300
0.867500
0.874100
0.871900
0.874500
0.862900
0.875800
0.865400
0.871200
0.871600
0.851900
0.859200
0.876500
0.859600
0.878000
0.847800
0.857100
0.875900
0.860300
0.865900
0.878900
0.869300
0.874200
0.862800
0.882200
0.872700
0.875200
0.876300
0.880100
0.878500
0.873000
0.870800
0.854600
0.876500
0.861100
0.880300
0.873900
0.862800
0.878400
0.875800
0.875100
0.882400
0.877100
0.876200
0.861500
0.875600
0.872200
0.882100
0.878600
0.861900
0.880500
0.883000
0.872100
0.879400
0.876800
0.880900
0.880300
0.866800
0.871400
0.865000
0.882100
0.882000
0.880800
0.872300
0.882500
0.878200
0.881300
0.885000
0.871300
0.879800
0.886200
0.880300
0.872300
0.883300
0.860700
