2.312959
2.069796
1.510497
1.234018
1.154910
1.003536
0.965304
0.885081
0.858060
0.806058
0.857564
0.779063
0.782122
0.762470
0.843076
0.848543
0.694341
0.691365
0.686192
0.698838
0.708774
0.667583
0.635601
0.658268
0.632862
0.679228
0.640287
0.653339
0.626131
0.632645
0.618879
0.607696
0.576321
0.606105
0.591528
0.589761
0.591197
0.559541
0.583418
0.602101
0.605319
0.573905
0.575640
0.594998
0.574840
0.593387
0.545364
0.556226
0.583971
0.539198
0.539801
0.567127
0.547448
0.527548
0.621309
0.591894
0.529514
0.539690
0.505795
0.504686
0.497932
0.524681
0.528933
0.508680
0.540405
0.499459
0.504506
0.506605
0.536350
0.478066
0.495142
0.494649
0.486143
0.480605
0.483947
0.473367
0.479393
0.484208
0.462304
0.455656
0.503605
0.483540
0.465306
0.496661
0.516786
0.469763
0.465894
0.449236
0.445509
0.458314
0.434338
0.460899
0.454310
0.445971
0.454849
0.475572
0.440893
0.478384
0.442833
0.434904
0.436031
0.440131
0.443090
0.434893
0.458964
0.410686
0.440945
0.424286
0.419562
0.449118
0.438352
0.440871
0.422136
0.402728
0.438753
0.403520
0.417771
0.426350
0.411598
0.420103
0.492418
0.445100
0.416028
0.397588
0.403707
0.402254
0.432223
0.390902
0.394609
0.418260
0.394688
0.392438
0.400961
0.427182
0.389870
0.393870
0.411291
0.390043
0.412337
0.395651
0.389396
0.387336
0.412773
0.395953
0.404064
0.401735
0.378042
0.382114
0.404611
0.382938
0.410774
0.446607
0.381115
0.489368
0.377656
0.382745
0.378249
0.394866
0.427602
0.403498
0.380142
0.388328
0.385501
0.396683
0.378554
0.374375
0.373220
0.404008
0.383354
0.411741
0.380515
0.407487
0.373144
0.361979
0.369561
0.364875
0.368805
0.384722
0.366791
0.366169
0.368729
0.365194
0.375358
0.359366
0.381956
0.382524
0.366529
0.358005
0.390693
0.360978
0.363843
0.365082
0.363192
0.359290
0.358056
0.365376
0.359452
0.369422
0.362237
0.378486
0.377522
0.362938
0.368628
0.355377
0.361797
0.351543
0.371119
0.352103
0.383003
0.368128
0.360510
0.365295
0.342055
0.380420
0.379757
0.353238
0.360829
0.360561
0.374772
0.340223
0.340128
0.336475
0.351809
0.362322
0.355738
0.352276
0.354645
0.364672
0.347357
0.357654
0.354392
0.366613
0.342093
0.360729
0.356984
0.353053
0.411336
0.373643
0.347287
0.369865
0.336156
0.414141
0.379011
0.347808
0.364994
0.370330
0.336129
0.359055
0.351961
0.360232
0.329780
0.356320
0.347282
0.346432
0.333544
0.340505
0.354916
0.369481
0.378441
0.345401
0.372747
0.334782
0.357389
0.362429
0.337653
0.343721
0.349124
0.326136
0.341666
0.346135
0.373684
0.358850
0.340663
0.329924
0.341552
0.362095
0.331191
0.328131
0.352155
0.336403
0.339855
0.333087
0.330988
0.353009
0.352722
0.353128
0.336145
0.327094
0.329627
0.348844
0.328341
0.336547
0.331284
0.322762
0.354796
0.335143
0.317767
0.333412
0.357635
0.326496
0.367317
