0.100200
0.359200
0.390800
0.578600
0.577400
0.629600
0.642100
0.685000
0.687400
0.695400
0.648500
0.715500
0.604700
0.728700
0.700000
0.628700
0.716100
0.726200
0.740300
0.741200
0.713500
0.740700
0.750700
0.728300
0.756500
0.739100
0.738500
0.737800
0.752900
0.741100
0.767900
0.758600
0.773600
0.767400
0.757800
0.758000
0.775900
0.779500
0.775400
0.757200
0.771200
0.767900
0.759700
0.745300
0.787400
0.773600
0.798500
0.789900
0.763700
0.789300
0.791200
0.772700
0.768600
0.796200
0.795200
0.788600
0.790500
0.794400
0.810400
0.814300
0.817600
0.804300
0.789900
0.801200
0.765200
0.821100
0.822300
0.809500
0.803900
0.813600
0.823500
0.783300
0.821500
0.820700
0.822000
0.826800
0.804600
0.825600
0.831500
0.831600
0.784000
0.817100
0.833300
0.807600
0.784800
0.832800
0.837400
0.834600
0.838500
0.834500
0.840200
0.830600
0.841100
0.837500
0.834000
0.820300
0.839600
0.825000
0.841700
0.843600
0.832900
0.826900
0.836300
0.841900
0.838700
0.847800
0.839700
0.852100
0.849600
0.827600
0.836900
0.844800
0.834700
0.850100
0.843200
0.840000
0.838200
0.836000
0.856200
0.846400
0.820500
0.841700
0.845400
0.853600
0.851100
0.856100
0.843900
0.862400
0.857600
0.851800
0.859200
0.860900
0.854600
0.856400
0.858900
0.861300
0.852400
0.857600
0.836400
0.857000
0.863400
0.848500
0.848600
0.860600
0.843900
0.862400
0.862100
0.864500
0.857300
0.865900
0.853900
0.856400
0.858800
0.852300
0.862500
0.864400
0.851900
0.861400
0.824900
0.855700
0.862100
0.863600
0.863200
0.854900
0.859400
0.870400
0.866400
0.850500
0.861200
0.843200
0.867000
0.857700
0.858200
0.875500
0.867100
0.853300
0.867100
0.867500
0.869500
0.872400
0.870500
0.868400
0.865500
0.876000
0.853900
0.859100
0.870800
0.868600
0.869400
0.869900
0.866000
0.875900
0.877200
0.874100
0.869900
0.872600
0.872600
0.868500
0.853200
0.863100
0.843000
0.860000
0.870100
0.878900
0.865400
0.875600
0.874400
0.874400
0.858700
0.868200
0.872300
0.871200
0.881000
0.869000
0.866200
0.870600
0.868000
0.872100
0.867100
0.876100
0.881500
0.874200
0.869800
0.864100
0.869500
0.879400
0.873700
0.865400
0.878200
0.875000
0.876300
0.874000
0.879500
0.859100
0.874700
0.879400
0.865300
0.854400
0.879600
0.856400
0.876600
0.861600
0.863600
0.878700
0.861600
0.860900
0.883800
0.868200
0.883400
0.852800
0.880900
0.870900
0.875700
0.883000
0.882100
0.879400
0.875400
0.877500
0.869800
0.880700
0.867400
0.883900
0.869900
0.872600
0.882200
0.876100
0.881900
0.883600
0.880100
0.879400
0.884000
0.877100
0.878500
0.854400
0.876400
0.875700
0.883800
0.882000
0.875800
0.878700
0.876700
0.886500
0.885700
0.869400
0.862300
0.866100
0.877900
0.885500
0.880100
0.871300
0.880200
0.878600
0.874900
0.884600
0.874200
0.881100
0.884100
0.884200
0.879200
0.882000
0.866800
