2.300877
2.069613
1.639167
1.256453
1.194735
1.026608
0.949050
0.894602
0.872161
0.826648
0.909614
0.781086
1.044209
0.724569
0.778321
0.824829
0.715484
0.698097
0.694870
0.689447
0.735030
0.659560
0.682911
0.666318
0.639690
0.664374
0.666029
0.671424
0.625382
0.678695
0.616931
0.621341
0.593572
0.623820
0.605488
0.644755
0.586479
0.578385
0.592343
0.623553
0.598195
0.605475
0.609494
0.660603
0.573421
0.584589
0.543148
0.549841
0.620922
0.570310
0.550483
0.574772
0.584718
0.546034
0.530501
0.545757
0.551465
0.535001
0.508371
0.516247
0.499330
0.524771
0.568267
0.543233
0.577332
0.497123
0.491219
0.509750
0.527695
0.503042
0.480589
0.541088
0.490399
0.490385
0.484865
0.473780
0.499010
0.482511
0.467613
0.464223
0.537285
0.493843
0.482812
0.520077
0.531313
0.456776
0.461391
0.459107
0.448422
0.453433
0.446299
0.465182
0.447666
0.448586
0.455460
0.481407
0.448927
0.467550
0.445327
0.438735
0.464573
0.460162
0.440030
0.430341
0.439694
0.419505
0.442627
0.419133
0.418899
0.457379
0.447149
0.432356
0.448548
0.413032
0.429490
0.430377
0.432567
0.443992
0.410088
0.421509
0.482497
0.439674
0.425410
0.410394
0.411478
0.403954
0.425188
0.388576
0.395834
0.414113
0.395802
0.391109
0.402816
0.396786
0.394583
0.385465
0.405966
0.397484
0.431227
0.399525
0.378807
0.415820
0.426182
0.389488
0.419051
0.383191
0.381703
0.375751
0.396486
0.376819
0.409701
0.390936
0.396253
0.411314
0.376651
0.374941
0.391379
0.388270
0.445862
0.391279
0.387238
0.383133
0.382451
0.400209
0.388981
0.363438
0.375438
0.398402
0.377765
0.412042
0.377343
0.395769
0.384055
0.355933
0.373601
0.388724
0.365382
0.366463
0.365441
0.356117
0.360072
0.364583
0.370950
0.351378
0.390665
0.385308
0.361187
0.359693
0.359073
0.357370
0.363751
0.349482
0.348378
0.353304
0.359985
0.353038
0.353861
0.362933
0.388873
0.385392
0.431741
0.380444
0.363618
0.344565
0.377102
0.345324
0.351341
0.349292
0.373778
0.371895
0.356613
0.350666
0.335888
0.364496
0.370272
0.352944
0.356770
0.352790
0.357432
0.339472
0.334008
0.347543
0.350203
0.359567
0.353962
0.340160
0.351760
0.385241
0.340841
0.344030
0.351159
0.347075
0.336831
0.371330
0.351589
0.339622
0.375869
0.377135
0.335269
0.379571
0.343089
0.381764
0.365414
0.349338
0.362510
0.377380
0.328624
0.364401
0.330609
0.380652
0.328730
0.356594
0.346089
0.329730
0.328208
0.339184
0.350991
0.346801
0.344754
0.336771
0.362286
0.321408
0.363239
0.342583
0.327030
0.341470
0.339803
0.327308
0.332178
0.328763
0.323019
0.346810
0.336169
0.381118
0.344782
0.341682
0.322731
0.330505
0.342153
0.332950
0.340960
0.319708
0.321645
0.347516
0.364741
0.350582
0.339510
0.320620
0.327033
0.349951
0.326944
0.328221
0.345103
0.320358
0.347629
0.326695
0.321028
0.322020
0.336673
0.336688
0.355372
