0.085600
0.350000
0.375800
0.567000
0.582600
0.624500
0.633900
0.676500
0.689100
0.697000
0.685100
0.719900
0.700300
0.736100
0.698100
0.670500
0.730200
0.735700
0.731300
0.737600
0.740400
0.745700
0.758600
0.743100
0.742900
0.732900
0.741200
0.732500
0.758800
0.744500
0.769800
0.762000
0.782000
0.766000
0.773800
0.761500
0.784100
0.792200
0.781200
0.766900
0.767800
0.776000
0.781300
0.791600
0.789900
0.778000
0.799700
0.803500
0.775400
0.807100
0.798800
0.779700
0.793100
0.814400
0.816400
0.790200
0.808000
0.800100
0.817200
0.825500
0.828200
0.822500
0.802400
0.816500
0.763200
0.824800
0.824400
0.825100
0.792800
0.839100
0.834300
0.817300
0.836500
0.824900
0.829600
0.834400
0.815900
0.828600
0.830400
0.827000
0.812500
0.828400
0.832800
0.815600
0.801700
0.832600
0.846100
0.844100
0.841500
0.838600
0.848700
0.826600
0.834900
0.844000
0.845100
0.828700
0.839500
0.834800
0.843900
0.837700
0.831600
0.832400
0.848300
0.851600
0.837700
0.854700
0.824800
0.842200
0.851000
0.828300
0.833600
0.848300
0.844000
0.857000
0.842900
0.852300
0.852500
0.854000
0.849100
0.848500
0.804700
0.839500
0.845800
0.854800
0.849700
0.848900
0.847600
0.862500
0.856800
0.849100
0.860300
0.861100
0.851800
0.858200
0.859400
0.863300
0.860200
0.852700
0.851600
0.850700
0.858400
0.859800
0.852800
0.860900
0.854300
0.849000
0.865400
0.865800
0.856000
0.861600
0.854500
0.852000
0.864100
0.851500
0.861100
0.865500
0.862500
0.862200
0.829100
0.843900
0.859300
0.858000
0.859000
0.854600
0.869900
0.864100
0.865000
0.842600
0.864000
0.850900
0.863600
0.856500
0.864300
0.870100
0.870600
0.856700
0.865200
0.860100
0.863100
0.870600
0.870800
0.866700
0.860700
0.872400
0.867300
0.855700
0.874400
0.866100
0.860200
0.867000
0.865500
0.868900
0.873100
0.874100
0.875800
0.864200
0.869900
0.866800
0.855800
0.866700
0.859400
0.863500
0.865400
0.873500
0.869700
0.872900
0.862600
0.873500
0.864200
0.866100
0.874300
0.864700
0.880900
0.857300
0.865400
0.875800
0.864500
0.860000
0.855100
0.877000
0.875500
0.878300
0.866600
0.875000
0.866700
0.869900
0.873600
0.873500
0.874600
0.872300
0.876200
0.868600
0.878300
0.864700
0.872600
0.874300
0.853100
0.859300
0.877100
0.866900
0.879300
0.860900
0.862700
0.875900
0.850700
0.868100
0.878200
0.861700
0.878700
0.850800
0.879100
0.874500
0.877300
0.873000
0.879500
0.880200
0.864600
0.875600
0.858200
0.875000
0.867600
0.881100
0.870500
0.863900
0.883700
0.872500
0.877500
0.882000
0.877900
0.884200
0.839000
0.872900
0.878900
0.884100
0.876200
0.875900
0.880400
0.877400
0.869200
0.870600
0.879400
0.879600
0.885300
0.863300
0.862000
0.864600
0.870900
0.880200
0.874900
0.864500
0.878500
0.873300
0.869900
0.882300
0.875000
0.877200
0.879500
0.881600
0.879800
0.881400
0.860800
