2.314762
2.035736
1.568170
1.254336
1.167639
1.060031
0.972817
0.872773
0.847618
0.832102
0.840314
0.767380
0.783066
0.709259
0.778531
0.779232
0.697178
0.678180
0.698889
0.707214
0.689984
0.651114
0.644326
0.663907
0.668497
0.663889
0.652618
0.669846
0.631349
0.651892
0.605110
0.599247
0.576559
0.606184
0.578750
0.609241
0.576834
0.557945
0.571192
0.605202
0.591367
0.594498
0.569535
0.568736
0.559566
0.584540
0.542944
0.527531
0.586392
0.537434
0.526716
0.549754
0.539690
0.509305
0.509273
0.534763
0.528024
0.524183
0.493889
0.497498
0.485765
0.498928
0.525550
0.505825
0.570719
0.494145
0.488344
0.488856
0.532446
0.464915
0.463072
0.491403
0.466676
0.475329
0.474611
0.458814
0.480824
0.476673
0.467791
0.458766
0.489780
0.465427
0.470504
0.482982
0.500207
0.451368
0.440438
0.440346
0.441441
0.452376
0.429799
0.463917
0.451879
0.430209
0.440741
0.456260
0.445907
0.448978
0.438501
0.440520
0.446956
0.439507
0.423270
0.420335
0.450325
0.407488
0.453415
0.426389
0.412281
0.454996
0.443153
0.425283
0.430023
0.399876
0.432125
0.405445
0.403827
0.408735
0.411679
0.414512
0.504115
0.432562
0.420209
0.404505
0.417303
0.406620
0.413638
0.386479
0.392564
0.412662
0.387628
0.383153
0.401345
0.387101
0.389906
0.382121
0.386518
0.400803
0.402687
0.412591
0.383154
0.389604
0.399274
0.384331
0.393645
0.412546
0.375590
0.369863
0.397413
0.380212
0.398757
0.398123
0.377594
0.413402
0.373661
0.376053
0.375682
0.383486
0.444006
0.408314
0.381613
0.388511
0.382856
0.390838
0.361831
0.367059
0.372302
0.416084
0.370789
0.395874
0.371211
0.390696
0.366254
0.360840
0.359089
0.378562
0.364881
0.383775
0.366395
0.358600
0.361860
0.366424
0.381474
0.353738
0.358746
0.389063
0.352213
0.364196
0.370820
0.356836
0.368487
0.360744
0.358099
0.349835
0.347344
0.365046
0.358873
0.358395
0.377969
0.371465
0.374233
0.362729
0.369677
0.348235
0.360806
0.348309
0.379639
0.344275
0.362281
0.365557
0.353040
0.359158
0.337602
0.385041
0.369394
0.344412
0.363067
0.370829
0.377340
0.338729
0.340528
0.337921
0.357586
0.342702
0.353741
0.360081
0.351351
0.351582
0.346188
0.351341
0.348899
0.352322
0.336602
0.354207
0.352319
0.343624
0.403342
0.366718
0.339390
0.363021
0.332437
0.379677
0.375878
0.343386
0.380000
0.358389
0.339714
0.371861
0.334093
0.389696
0.332582
0.343068
0.339693
0.349547
0.333165
0.334210
0.371169
0.354349
0.364237
0.347036
0.351600
0.328264
0.356156
0.352497
0.323734
0.347824
0.341236
0.326304
0.336410
0.322974
0.423013
0.349385
0.328400
0.326388
0.341813
0.338237
0.331113
0.341489
0.352648
0.345039
0.333080
0.334228
0.323956
0.359661
0.366908
0.354975
0.354996
0.331994
0.345875
0.364792
0.327138
0.343170
0.362358
0.325146
0.338868
0.337812
0.324173
0.325729
0.337015
0.335439
0.364171
