0.100900
0.289300
0.429700
0.572200
0.585700
0.658700
0.651800
0.711700
0.669000
0.692600
0.692800
0.724500
0.702700
0.727600
0.700700
0.694600
0.732300
0.718900
0.736100
0.737900
0.735500
0.752700
0.755300
0.738200
0.760800
0.724700
0.729200
0.744000
0.765700
0.756800
0.765300
0.766700
0.783500
0.762100
0.764600
0.788700
0.767300
0.790200
0.782000
0.765600
0.770000
0.786400
0.773800
0.699100
0.790500
0.780900
0.803200
0.793900
0.781100
0.806100
0.794600
0.783400
0.797600
0.806800
0.777200
0.800500
0.803900
0.777200
0.811100
0.823400
0.822700
0.813300
0.821900
0.819000
0.747500
0.827800
0.815400
0.822400
0.814900
0.830400
0.821700
0.800500
0.829300
0.826400
0.788900
0.838600
0.804400
0.820300
0.820900
0.842500
0.806300
0.830000
0.791200
0.818300
0.772200
0.841200
0.824500
0.846900
0.837900
0.838800
0.850100
0.834800
0.847100
0.842100
0.845400
0.826700
0.834800
0.828400
0.845600
0.848100
0.848300
0.834900
0.844400
0.846000
0.838800
0.855200
0.835400
0.852000
0.849900
0.839900
0.831700
0.849100
0.845000
0.857900
0.850400
0.859200
0.849400
0.851400
0.856000
0.847800
0.806100
0.836700
0.850800
0.854300
0.856700
0.854400
0.839300
0.862300
0.849200
0.854600
0.857900
0.856300
0.854700
0.859000
0.858700
0.861400
0.845800
0.855900
0.843600
0.845900
0.861800
0.854400
0.855500
0.857200
0.856900
0.869000
0.867000
0.866800
0.860000
0.865000
0.865800
0.848700
0.861600
0.861000
0.871400
0.866500
0.864300
0.854700
0.836000
0.856100
0.866400
0.863900
0.869500
0.859200
0.865800
0.872500
0.866400
0.855200
0.857600
0.847300
0.867200
0.846600
0.866200
0.869100
0.872600
0.868200
0.865700
0.868400
0.868600
0.868600
0.872900
0.870100
0.867400
0.873700
0.868000
0.866000
0.875100
0.874500
0.868800
0.872900
0.873200
0.875900
0.874300
0.872100
0.872900
0.868600
0.868400
0.873800
0.865400
0.862900
0.862300
0.866700
0.871100
0.873300
0.874600
0.876900
0.864700
0.879600
0.865200
0.869900
0.874200
0.854400
0.881200
0.872400
0.869000
0.871400
0.874000
0.869800
0.872000
0.881200
0.879300
0.883400
0.873800
0.868700
0.875100
0.874200
0.875100
0.871600
0.878100
0.866000
0.879200
0.862900
0.878500
0.862700
0.875700
0.874500
0.856200
0.854500
0.879300
0.859800
0.879900
0.854300
0.863500
0.875000
0.869200
0.868500
0.880300
0.869000
0.834900
0.860900
0.883100
0.861000
0.874000
0.875400
0.881800
0.882300
0.858300
0.868300
0.869200
0.881400
0.863300
0.882100
0.862000
0.871000
0.882200
0.877800
0.876100
0.883200
0.872000
0.882000
0.884300
0.875900
0.879000
0.882700
0.871500
0.870200
0.883600
0.879400
0.876100
0.882200
0.881200
0.885400
0.882200
0.868700
0.868200
0.868100
0.882600
0.885700
0.876300
0.876500
0.883500
0.875000
0.878900
0.885800
0.871300
0.882800
0.886600
0.877000
0.882500
0.884700
0.861000
