2.304117
2.036247
1.515936
1.227547
1.117634
0.974146
0.954432
0.830597
0.864347
0.817422
0.836645
0.748406
0.770271
0.713964
0.770028
0.752818
0.687629
0.690262
0.690745
0.685895
0.695313
0.654963
0.655430
0.651896
0.627501
0.683311
0.671654
0.642975
0.606796
0.640582
0.608710
0.595384
0.576525
0.594494
0.605608
0.572090
0.586761
0.561022
0.571486
0.604761
0.593334
0.581456
0.576035
0.818281
0.550922
0.560461
0.530983
0.538225
0.572313
0.525879
0.539314
0.551878
0.529751
0.531021
0.560903
0.522189
0.528825
0.560017
0.506920
0.491833
0.493128
0.506730
0.491864
0.499450
0.582884
0.485361
0.510971
0.484087
0.506392
0.474456
0.478777
0.510213
0.471181
0.481740
0.554266
0.458834
0.497304
0.500169
0.476578
0.443963
0.507839
0.464691
0.587264
0.476186
0.547430
0.443352
0.470605
0.438520
0.446970
0.442473
0.427774
0.457421
0.434941
0.434345
0.431182
0.466214
0.454740
0.464863
0.430977
0.420661
0.421643
0.441043
0.428345
0.425283
0.443510
0.404855
0.441609
0.414877
0.408703
0.431875
0.452122
0.425493
0.423158
0.396883
0.412001
0.393871
0.412945
0.407766
0.402493
0.414928
0.492868
0.442567
0.412230
0.400495
0.398207
0.398342
0.431675
0.389118
0.433782
0.407004
0.392127
0.398802
0.396957
0.393100
0.388344
0.387273
0.424637
0.397886
0.419119
0.417814
0.386810
0.397987
0.399937
0.392624
0.393693
0.371331
0.370492
0.371643
0.390879
0.373717
0.374147
0.402913
0.379274
0.386820
0.363779
0.375098
0.371793
0.404275
0.428576
0.386243
0.373793
0.376305
0.365650
0.381625
0.375661
0.359119
0.367303
0.386773
0.392302
0.403500
0.373385
0.420410
0.373029
0.364345
0.359658
0.363954
0.369686
0.366275
0.365634
0.368145
0.353177
0.361565
0.368891
0.353475
0.363893
0.371877
0.348401
0.352735
0.362104
0.351325
0.361404
0.349080
0.353202
0.357598
0.351940
0.354674
0.359412
0.349949
0.366451
0.380700
0.371374
0.364986
0.361097
0.351220
0.354386
0.343949
0.376076
0.338889
0.368099
0.358405
0.352253
0.386514
0.335580
0.355681
0.361806
0.353449
0.351279
0.354874
0.353737
0.333114
0.337492
0.331122
0.345483
0.355857
0.347931
0.348534
0.347034
0.356456
0.340755
0.374303
0.345719
0.367214
0.340133
0.363378
0.344242
0.345000
0.396751
0.382657
0.334227
0.372422
0.336818
0.398782
0.361582
0.348293
0.353364
0.359774
0.337246
0.356950
0.430121
0.370535
0.328858
0.379368
0.346570
0.343855
0.328495
0.330932
0.389815
0.367304
0.348257
0.333413
0.363567
0.329735
0.376787
0.349887
0.330975
0.333753
0.348839
0.328618
0.352534
0.325943
0.325353
0.347282
0.332075
0.328184
0.354519
0.346370
0.326321
0.332108
0.343121
0.331712
0.330148
0.325091
0.330042
0.349295
0.353184
0.355104
0.328802
0.325319
0.342035
0.337199
0.323580
0.340711
0.341684
0.316287
0.350535
0.324485
0.317809
0.338142
0.332383
0.322881
0.365099
