0.105600
0.368400
0.470000
0.555000
0.624700
0.652600
0.662000
0.704700
0.701400
0.710600
0.664000
0.719500
0.576100
0.733100
0.700600
0.687500
0.728500
0.713100
0.740800
0.731800
0.731700
0.748900
0.753700
0.735900
0.749700
0.726700
0.734100
0.737900
0.766800
0.754900
0.752800
0.759600
0.783300
0.772200
0.763200
0.752300
0.759900
0.789400
0.779100
0.764300
0.760200
0.781100
0.778000
0.798600
0.789200
0.732700
0.798600
0.797200
0.770300
0.805200
0.794900
0.770100
0.791000
0.801100
0.801500
0.785500
0.800900
0.785500
0.807700
0.777000
0.813700
0.810900
0.816400
0.807300
0.782800
0.813200
0.816100
0.809400
0.807500
0.825800
0.808600
0.800300
0.816000
0.823800
0.821700
0.829900
0.790500
0.820400
0.833000
0.830400
0.813200
0.816700
0.828600
0.812300
0.806700
0.836900
0.822700
0.819600
0.835900
0.832600
0.841200
0.825800
0.840300
0.839200
0.835600
0.823200
0.833800
0.816800
0.821200
0.842200
0.843200
0.821500
0.845800
0.844600
0.835600
0.848200
0.839300
0.847700
0.846100
0.832500
0.831900
0.833700
0.843300
0.850600
0.844000
0.848200
0.848700
0.844900
0.847300
0.847400
0.807400
0.836600
0.839600
0.855100
0.850100
0.854300
0.838500
0.854200
0.850300
0.845100
0.848400
0.855300
0.848200
0.854700
0.853500
0.856400
0.852200
0.853200
0.840200
0.846900
0.858300
0.853600
0.849900
0.840700
0.857300
0.854900
0.858000
0.860600
0.851100
0.858900
0.854600
0.838900
0.859500
0.856400
0.862500
0.858200
0.851600
0.852400
0.830100
0.844500
0.859300
0.859200
0.863000
0.845700
0.862300
0.853600
0.863200
0.838200
0.862500
0.845100
0.862500
0.850100
0.862600
0.863200
0.867500
0.854500
0.863000
0.855600
0.861700
0.863500
0.867200
0.863800
0.861500
0.870900
0.854700
0.850700
0.868200
0.863800
0.859800
0.868500
0.863300
0.868800
0.853700
0.869400
0.871200
0.869400
0.869300
0.862600
0.866900
0.859000
0.864200
0.868100
0.864200
0.870400
0.865000
0.871600
0.860800
0.869300
0.850800
0.863700
0.870800
0.866800
0.873300
0.868000
0.865800
0.869200
0.866500
0.870000
0.868500
0.875200
0.873300
0.875500
0.867200
0.859200
0.861900
0.876100
0.870300
0.867100
0.867500
0.867900
0.864100
0.857100
0.874100
0.870500
0.871300
0.867300
0.857000
0.850800
0.872600
0.855100
0.876000
0.846800
0.867000
0.863300
0.853000
0.865900
0.872100
0.862900
0.875700
0.851300
0.877100
0.855400
0.870500
0.872600
0.875600
0.873600
0.868500
0.870500
0.850200
0.872800
0.861900
0.878800
0.860900
0.862100
0.881400
0.877100
0.869200
0.882300
0.874000
0.877900
0.879800
0.870100
0.879000
0.878900
0.876300
0.873900
0.880000
0.878800
0.870700
0.874400
0.874200
0.878400
0.878900
0.866800
0.860300
0.861300
0.875200
0.879500
0.876800
0.869600
0.876000
0.876300
0.878600
0.882700
0.871700
0.878100
0.877900
0.876100
0.878900
0.881300
0.862500
