2.304569
2.052981
1.548206
1.269296
1.138793
0.974534
0.927886
0.842447
0.822345
0.803958
0.883029
0.773743
1.071598
0.719583
0.762076
0.770489
0.702979
0.730575
0.694207
0.722089
0.703790
0.659492
0.655551
0.663822
0.650331
0.685916
0.678125
0.657278
0.627002
0.646013
0.633344
0.610221
0.591136
0.597986
0.604383
0.635638
0.612519
0.572193
0.588123
0.612610
0.610092
0.595586
0.575111
0.546880
0.564268
0.686909
0.545793
0.534102
0.599325
0.534014
0.533345
0.581125
0.556491
0.531731
0.525866
0.552103
0.542263
0.544101
0.514116
0.549207
0.514046
0.511074
0.507407
0.521927
0.578796
0.521307
0.501033
0.516277
0.518698
0.477665
0.513289
0.523519
0.502878
0.490606
0.487376
0.470205
0.524638
0.492236
0.466791
0.465862
0.493161
0.494333
0.482862
0.494067
0.506867
0.449177
0.485283
0.479629
0.459608
0.455757
0.444551
0.470416
0.453726
0.441859
0.453150
0.477187
0.456486
0.478369
0.486020
0.440915
0.439425
0.463245
0.429023
0.427710
0.449632
0.420161
0.443922
0.424825
0.426110
0.449802
0.457543
0.462855
0.433762
0.414029
0.434135
0.418068
0.417349
0.426174
0.426761
0.424699
0.497937
0.443838
0.426235
0.403206
0.414817
0.404925
0.427891
0.399457
0.411759
0.431081
0.419629
0.399663
0.412926
0.403672
0.408007
0.402362
0.409389
0.408581
0.429756
0.413897
0.392564
0.406169
0.411800
0.438596
0.396806
0.399426
0.388840
0.389978
0.415745
0.394464
0.399045
0.429220
0.386336
0.400190
0.382607
0.400683
0.398168
0.403826
0.448581
0.412487
0.389053
0.386886
0.378884
0.405814
0.381043
0.395466
0.382537
0.421150
0.376584
0.416574
0.379620
0.407187
0.378584
0.377371
0.364418
0.383266
0.380258
0.400703
0.373376
0.378721
0.363722
0.374307
0.381944
0.362181
0.387686
0.398553
0.368077
0.365330
0.373919
0.361811
0.376550
0.362778
0.404702
0.362066
0.357741
0.363055
0.358023
0.375577
0.365669
0.395537
0.365047
0.364463
0.374859
0.362923
0.367753
0.354335
0.381195
0.355592
0.393464
0.373804
0.365175
0.357903
0.348595
0.362085
0.367891
0.362909
0.361235
0.355663
0.353203
0.341899
0.345236
0.344277
0.356653
0.366234
0.370370
0.344216
0.356993
0.373414
0.360030
0.363769
0.384146
0.381891
0.343610
0.350338
0.360094
0.361444
0.392206
0.387603
0.353938
0.388712
0.341178
0.420310
0.367023
0.375702
0.376938
0.365953
0.358935
0.376900
0.342600
0.389180
0.340083
0.395384
0.364093
0.354417
0.339062
0.353286
0.359855
0.363491
0.382781
0.347981
0.370148
0.333989
0.382962
0.356338
0.331699
0.337555
0.358291
0.327438
0.347051
0.340006
0.330402
0.359563
0.332389
0.338427
0.342652
0.345479
0.328434
0.334389
0.356823
0.340483
0.345442
0.343864
0.333359
0.352542
0.368536
0.358216
0.346017
0.335295
0.339341
0.351761
0.337187
0.342316
0.340878
0.323200
0.352578
0.333912
0.334293
0.340559
0.338669
0.335727
0.360441
