0.120900
0.367900
0.491800
0.574200
0.553300
0.634900
0.666100
0.698800
0.693100
0.702700
0.700900
0.719100
0.723200
0.744400
0.707900
0.714500
0.740300
0.740600
0.753100
0.745300
0.741700
0.757500
0.766400
0.741600
0.769500
0.741400
0.742900
0.742600
0.765300
0.757100
0.770700
0.759400
0.784800
0.772500
0.779000
0.781600
0.771600
0.780800
0.787200
0.758900
0.777700
0.788600
0.775300
0.773300
0.794200
0.781600
0.791300
0.803400
0.780000
0.810600
0.795800
0.782200
0.794600
0.806500
0.808900
0.789700
0.807600
0.795400
0.808200
0.815400
0.824000
0.821700
0.808100
0.816200
0.715700
0.820800
0.816400
0.823100
0.791300
0.834700
0.828700
0.802600
0.826100
0.829000
0.794400
0.816700
0.807700
0.822500
0.833200
0.823600
0.822900
0.825200
0.829600
0.815300
0.810300
0.834200
0.816000
0.835500
0.836500
0.842800
0.843100
0.828600
0.840300
0.841900
0.843900
0.837400
0.823100
0.827700
0.831400
0.846700
0.838100
0.831300
0.839800
0.846100
0.839300
0.853300
0.840900
0.846400
0.843100
0.838900
0.841700
0.843300
0.843600
0.852800
0.846300
0.857100
0.849500
0.853800
0.850300
0.849400
0.819400
0.840300
0.847700
0.858100
0.853000
0.853600
0.837000
0.855200
0.854000
0.851900
0.858100
0.856700
0.851600
0.856600
0.859600
0.856000
0.852700
0.851000
0.842900
0.850500
0.861400
0.860200
0.841600
0.854300
0.856500
0.858800
0.861600
0.862300
0.856800
0.860700
0.859800
0.846700
0.860200
0.840200
0.864300
0.863400
0.854300
0.860200
0.839200
0.850100
0.860200
0.865600
0.865600
0.854500
0.858000
0.856600
0.861900
0.849400
0.856800
0.848700
0.863400
0.860000
0.855100
0.867000
0.865700
0.860900
0.865900
0.866400
0.863300
0.866600
0.869200
0.869900
0.867600
0.873100
0.855200
0.860500
0.867800
0.867500
0.861500
0.869400
0.865900
0.872000
0.874400
0.870400
0.869400
0.862000
0.865300
0.865200
0.854300
0.862400
0.857200
0.863700
0.870300
0.872600
0.870200
0.872500
0.866900
0.874800
0.855900
0.866100
0.874000
0.867800
0.868700
0.867700
0.869800
0.871100
0.863300
0.862200
0.870600
0.877100
0.872700
0.876300
0.864100
0.860800
0.868400
0.874000
0.871700
0.865100
0.870800
0.874700
0.877100
0.864100
0.876700
0.873800
0.873500
0.864200
0.861700
0.859100
0.871700
0.858700
0.879900
0.851500
0.868400
0.874900
0.857800
0.860900
0.874300
0.873000
0.879300
0.861600
0.878600
0.873500
0.876900
0.875700
0.878900
0.878800
0.869300
0.846700
0.853300
0.876500
0.861600
0.882000
0.872200
0.864000
0.878400
0.871800
0.872500
0.883100
0.881400
0.876800
0.882600
0.868100
0.881700
0.871700
0.874700
0.873200
0.881200
0.881900
0.873700
0.872900
0.876700
0.879000
0.882000
0.864000
0.869300
0.864200
0.879100
0.880400
0.877100
0.869800
0.878100
0.876200
0.877300
0.883800
0.874200
0.875900
0.885300
0.874700
0.880500
0.874200
0.855800
