2.308286
1.991910
1.486013
1.237608
1.149525
0.994934
0.916543
0.869683
0.849768
0.808146
0.834746
0.768503
0.742374
0.695886
0.752663
0.727938
0.690312
0.674572
0.663887
0.682183
0.687261
0.636824
0.629292
0.656281
0.624823
0.662205
0.660790
0.655028
0.608045
0.638857
0.609251
0.599401
0.566074
0.585712
0.569959
0.590302
0.582373
0.578649
0.574710
0.620776
0.579619
0.578089
0.578561
0.620703
0.555102
0.554599
0.538346
0.520462
0.575014
0.530275
0.526663
0.555910
0.537686
0.517051
0.514709
0.533597
0.528868
0.533892
0.503815
0.513188
0.489980
0.494891
0.522081
0.510136
0.668351
0.497740
0.496883
0.486287
0.528061
0.468340
0.470241
0.519211
0.493158
0.471668
0.543961
0.478265
0.493775
0.487905
0.459202
0.471451
0.476906
0.475566
0.467631
0.484492
0.501856
0.451296
0.484244
0.452980
0.451207
0.440486
0.439734
0.471892
0.446186
0.435721
0.436402
0.445359
0.493576
0.472492
0.467615
0.432037
0.451889
0.450115
0.437328
0.426905
0.437371
0.413851
0.431790
0.425500
0.430452
0.437901
0.431298
0.429525
0.432247
0.412652
0.429231
0.402604
0.411750
0.409106
0.419171
0.417678
0.477259
0.432067
0.417914
0.397547
0.409449
0.401240
0.432619
0.400166
0.401454
0.407941
0.397392
0.393531
0.402903
0.396562
0.391905
0.396117
0.404620
0.414359
0.423494
0.413956
0.387865
0.394696
0.437158
0.397332
0.394597
0.388707
0.385726
0.384161
0.405174
0.382975
0.390402
0.410195
0.392004
0.440795
0.377051
0.379617
0.388299
0.390079
0.420891
0.397070
0.388516
0.376961
0.375566
0.396270
0.401894
0.388882
0.385946
0.398536
0.389948
0.405585
0.378948
0.387684
0.393222
0.369793
0.372776
0.373576
0.370586
0.372517
0.372261
0.373439
0.365870
0.366326
0.370645
0.356261
0.386597
0.384850
0.366153
0.365500
0.372220
0.360915
0.373880
0.357034
0.354049
0.363002
0.363894
0.376211
0.371969
0.374513
0.386163
0.389241
0.379489
0.369676
0.364382
0.356048
0.368394
0.353691
0.374913
0.344760
0.384703
0.369575
0.353599
0.355745
0.368104
0.365399
0.366709
0.355562
0.371013
0.373638
0.351135
0.343779
0.350340
0.341689
0.360725
0.371422
0.359941
0.347349
0.352993
0.369537
0.355055
0.350050
0.347833
0.367155
0.344180
0.343854
0.349453
0.368162
0.386633
0.370774
0.358764
0.387029
0.334660
0.410937
0.357966
0.350929
0.376078
0.372535
0.353194
0.351458
0.330753
0.366997
0.331374
0.352236
0.343660
0.343733
0.335338
0.336916
0.365209
0.452302
0.385073
0.347105
0.365626
0.325675
0.351091
0.354864
0.336411
0.350906
0.354909
0.329674
0.335642
0.336721
0.328275
0.369118
0.324981
0.346693
0.345288
0.344916
0.330787
0.330598
0.348551
0.351142
0.345267
0.337896
0.330059
0.363611
0.348168
0.360270
0.337966
0.335192
0.334684
0.356020
0.332796
0.336297
0.340213
0.328180
0.344725
0.341793
0.318233
0.339789
0.337626
0.354136
0.378779
